0 -1 -1 1000000 999742 0
1 0 1 488144 487974 1
2 0 2 511856 511768 2
3 1 1 240066 239974 11
4 1 2 248054 248001 12
5 1 3 24 -1 13
6 2 1 249853 249793 21
7 2 2 26 0 22
8 2 3 261976 261976 23
9 3 1 78438 78394 111
10 3 2 82233 82221 112
11 3 3 79395 79359 113
12 4 1 121352 121315 121
13 4 2 7 -7 122
14 4 3 126694 126694 123
15 5 1 9 0 131
16 5 2 6 -1 132
17 5 3 9 0 133
18 6 1 249833 249805 211
19 6 2 13 -5 212
20 6 3 7 -7 213
21 7 1 9 0 221
22 7 2 9 0 222
23 7 3 8 0 223
24 8 1 87325 87325 231
25 8 2 87325 87325 232
26 8 3 87325 87325 233
27 9 1 22 0 1111
28 9 2 22 0 1112
29 9 3 78394 78394 1113
30 10 1 6 -6 1121
31 10 2 41114 41114 1122
32 10 3 41113 41113 1123
33 11 1 6 -6 1131
34 11 2 79366 79366 1132
35 11 3 22 0 1133
36 12 1 6 -6 1211
37 12 2 23 0 1212
38 12 3 121322 121322 1213
39 16 1 3 0 1321
40 16 2 1 -1 1322
41 16 3 2 0 1323
42 18 1 7 -7 2111
43 18 2 7 -7 2112
44 18 3 249819 249819 2113
45 19 1 2 -2 2121
46 19 2 8 0 2122
47 19 3 2 -2 2123
